image: t3map.pgm
resolution: 0.050000
origin: [-39.041938, -37.013264, 0.000000]
negate: 0
occupied_thresh: 0.65
free_thresh: 0.196

